double myArray[20][20] = { 
	{ 1.000e-01 , 8.422e-03 , 3.307e-02 , 7.367e-02 , 3.842e-03 , 5.224e-02 , 5.246e-02 , 2.441e-02 , 1.674e-02 , 7.801e-02 , 5.851e-02 , 4.492e-02 , 9.153e-02 , 4.887e-03 , 6.858e-02 , 5.506e-02 , 7.103e-02 , 8.884e-02 , 5.770e-02 , 8.334e-02 },
	{ 3.970e-02 , 4.598e-02 , 6.327e-02 , 9.005e-03 , 6.479e-02 , 6.055e-02 , 6.792e-02 , 6.484e-02 , 6.539e-02 , 8.488e-02 , 6.182e-02 , 4.820e-02 , 1.544e-02 , 9.297e-02 , 5.380e-02 , 2.975e-02 , 4.036e-02 , 3.950e-02 , 3.921e-02 , 1.076e-01 },
	{ 7.985e-02 , 4.325e-02 , 4.719e-02 , 3.576e-02 , 4.069e-02 , 8.954e-02 , 8.177e-03 , 9.836e-02 , 7.259e-02 , 4.526e-02 , 8.396e-02 , 3.652e-02 , 1.969e-02 , 3.224e-02 , 8.679e-02 , 6.139e-02 , 4.095e-02 , 1.603e-02 , 5.906e-02 , 4.863e-02 },
	{ 3.229e-02 , 3.544e-03 , 2.674e-02 , 5.387e-02 , 3.442e-02 , 6.249e-02 , 8.460e-02 , 7.175e-02 , 2.367e-02 , 8.497e-02 , 6.715e-02 , 8.487e-02 , 4.542e-02 , 2.318e-02 , 3.228e-02 , 9.040e-03 , 6.761e-02 , 4.156e-02 , 3.250e-02 , 3.554e-02 },
	{ 9.918e-03 , 7.775e-02 , 6.027e-02 , 7.020e-02 , 7.023e-02 , 3.119e-02 , 6.670e-02 , 9.265e-02 , 8.586e-02 , 6.724e-02 , 2.003e-02 , 5.520e-02 , 2.289e-02 , 5.943e-02 , 1.763e-02 , 8.304e-02 , 5.579e-02 , 1.001e-01 , 7.247e-02 , 2.617e-02 },
	{ 4.966e-03 , 2.737e-02 , 3.726e-02 , 5.289e-02 , 3.667e-02 , 7.330e-02 , 6.046e-02 , 1.002e-01 , 8.560e-02 , 8.376e-02 , 6.602e-02 , 4.362e-02 , 1.158e-02 , 8.664e-02 , 6.250e-02 , 3.159e-02 , 4.565e-02 , 2.385e-02 , 4.006e-02 , 1.244e-02 },
	{ 2.572e-02 , 2.963e-02 , 5.648e-03 , 9.663e-02 , 6.277e-02 , 2.338e-02 , 6.394e-03 , 3.735e-03 , 4.786e-02 , 6.558e-02 , 6.397e-02 , 7.316e-02 , 1.008e-01 , 2.578e-02 , 1.497e-02 , 5.108e-02 , 6.652e-02 , 4.264e-02 , 5.462e-02 , 1.145e-01 },
	{ 5.755e-02 , 6.598e-02 , 7.149e-02 , 4.539e-02 , 5.442e-02 , 6.582e-02 , 1.357e-02 , 8.841e-02 , 3.118e-02 , 8.060e-02 , 6.956e-02 , 6.154e-02 , 4.714e-02 , 7.866e-02 , 5.497e-02 , 2.668e-02 , 7.175e-02 , 9.247e-02 , 3.888e-02 , 7.139e-02 },
	{ 1.142e-01 , 9.441e-02 , 5.653e-02 , 8.778e-02 , 7.711e-02 , 6.789e-02 , 1.464e-02 , 4.234e-03 , 8.392e-02 , 8.453e-02 , 9.358e-04 , 6.965e-02 , 4.751e-03 , 5.423e-02 , 8.004e-02 , 5.414e-02 , 6.123e-02 , 6.681e-02 , 5.095e-02 , 1.873e-04 },
	{ 2.425e-02 , 4.839e-02 , 8.967e-02 , 7.050e-02 , 6.600e-02 , 2.297e-02 , 2.184e-02 , 1.885e-02 , 9.013e-02 , 3.466e-02 , 1.026e-01 , 2.951e-02 , 3.484e-02 , 7.708e-02 , 8.919e-02 , 3.098e-02 , 7.206e-02 , 5.330e-02 , 2.824e-02 , 1.075e-01 },
	{ 1.027e-01 , 8.692e-02 , 8.374e-02 , 2.770e-02 , 3.684e-02 , 8.372e-02 , 3.594e-02 , 9.456e-03 , 1.604e-02 , 9.689e-03 , 2.504e-02 , 4.621e-02 , 6.166e-04 , 4.944e-02 , 7.867e-02 , 5.605e-02 , 1.690e-02 , 5.281e-02 , 9.191e-02 , 3.355e-02 },
	{ 5.095e-02 , 2.825e-02 , 2.433e-02 , 4.777e-02 , 2.250e-02 , 7.119e-03 , 8.072e-02 , 5.944e-02 , 4.709e-02 , 1.614e-03 , 5.875e-02 , 1.039e-02 , 8.901e-02 , 3.697e-02 , 3.345e-02 , 7.566e-02 , 2.142e-02 , 8.921e-02 , 8.389e-02 , 4.467e-02 },
	{ 7.511e-02 , 1.543e-02 , 8.595e-02 , 1.985e-02 , 3.888e-02 , 9.192e-02 , 6.211e-02 , 5.284e-02 , 7.113e-02 , 9.389e-03 , 8.049e-02 , 7.172e-02 , 1.074e-01 , 6.976e-02 , 2.957e-02 , 9.076e-02 , 6.819e-02 , 2.962e-02 , 7.858e-02 , 2.816e-02 },
	{ 4.044e-02 , 7.739e-03 , 9.123e-02 , 5.642e-02 , 2.745e-02 , 3.100e-02 , 8.191e-02 , 8.777e-02 , 6.152e-02 , 2.231e-02 , 4.611e-02 , 3.638e-02 , 4.991e-02 , 4.415e-02 , 3.037e-02 , 6.880e-02 , 7.178e-02 , 5.880e-02 , 2.616e-02 , 1.668e-02 },
	{ 7.085e-03 , 6.845e-02 , 8.673e-02 , 8.298e-02 , 8.240e-02 , 5.531e-02 , 3.237e-02 , 1.482e-02 , 4.381e-03 , 2.692e-02 , 1.346e-02 , 2.640e-02 , 1.006e-01 , 4.898e-02 , 9.051e-02 , 1.258e-02 , 3.470e-03 , 6.148e-02 , 3.359e-02 , 3.406e-02 },
	{ 4.246e-02 , 9.113e-02 , 6.200e-02 , 4.297e-02 , 6.263e-02 , 5.598e-02 , 2.664e-02 , 4.161e-02 , 2.810e-02 , 3.666e-02 , 4.100e-02 , 2.498e-02 , 5.441e-02 , 9.401e-02 , 5.523e-02 , 5.577e-02 , 4.476e-02 , 2.866e-02 , 3.937e-02 , 9.379e-02 },
	{ 6.991e-02 , 9.414e-02 , 2.226e-02 , 3.843e-04 , 3.554e-02 , 1.197e-02 , 4.830e-02 , 3.039e-03 , 2.704e-02 , 2.455e-02 , 1.867e-02 , 7.218e-02 , 1.173e-02 , 3.989e-02 , 5.644e-02 , 5.085e-02 , 1.304e-02 , 3.613e-02 , 2.268e-02 , 4.018e-02 },
	{ 7.368e-02 , 1.418e-02 , 1.200e-02 , 3.104e-02 , 4.799e-02 , 8.894e-02 , 1.020e-01 , 4.094e-03 , 8.418e-02 , 2.693e-02 , 3.466e-02 , 4.140e-02 , 8.709e-02 , 1.313e-02 , 2.456e-02 , 3.116e-02 , 2.808e-02 , 2.707e-02 , 4.361e-02 , 2.106e-02 },
	{ 4.021e-02 , 6.445e-02 , 1.145e-02 , 6.152e-02 , 6.382e-02 , 1.224e-02 , 5.903e-02 , 1.100e-01 , 7.933e-03 , 8.798e-02 , 1.141e-02 , 4.857e-02 , 7.640e-02 , 8.361e-03 , 2.968e-02 , 5.579e-02 , 6.761e-02 , 2.218e-02 , 9.398e-03 , 3.384e-02 },
	{ 8.989e-03 , 8.459e-02 , 2.917e-02 , 3.368e-02 , 7.099e-02 , 1.242e-02 , 7.423e-02 , 4.949e-02 , 4.962e-02 , 4.448e-02 , 7.583e-02 , 7.460e-02 , 2.882e-02 , 6.020e-02 , 1.076e-02 , 6.985e-02 , 7.180e-02 , 2.896e-02 , 9.714e-02 , 4.660e-02 }
};